1.020292441684142
1.015223096155872
1.015654313234906
1.015382594970938
1.01522329830439
1.017119708142725
1.015694552426232
1.016912122419301
1.015375710594939
1.012896181690255
1.013994183086391
1.020591462965051
1.02217763711542
1.015191277674544
1
1.029235148989581
1.011018238029833
1.246541211036561
1.244915303041225
1.241725190848843
1.259157191818479
1.243781567528267
1.248004906152353
1.246431743422738
1.234012025737901
1.249683399191231
1.248166804476933
1.247218546645008
1.252625025276578
1.245013299394024
1.244550906659871
1.244642208437019
1.012399383475163
1.011528138562625
1.011079738772213
1.011403406719599
1.008758658768309
1.011857612110494
1.007742819073433
1.011818736580909
1.011038909473644
1.011448218922534
1.011811861763734
0.9973976551697367
0.9984077926787571
0.9981878335403611
0.9980558336399098
0.998387129277733
1.544205590557579
1.543767129877568
1.56623994041189
1.564531841187804
1.56711139633956
1.564007184810335
1.565863057592612
1.566354717228995
1.561105319036762
1.571473508159635
1.215762256946722
1.214764750966298
1.215433581852908
1.2141333974376
1.543886355696841
1.544885905653195
1.542718037255497
1.544119781517937
1.543703737349952
1.54462384805451
1.543391397586029
1.542955816552869
1.541367185486583
1.542644588652769
1.542876243582789
1.542053776414408
1.542823612756798
1.541802127652308
1.542424542102225
1.541812293173729
1.543916117880993
1.542795475684512
1.541125268510122
1.544776487225376
1
1.570065359393858
1.569684323354793
1.570428135547842
1.570272417281694
1.570857621803304
1.574454371353431
1.568611520419266
1.568616218184613
1.569976237178946
1.568267694028084
1.572089294457758
1.544358264176384
1.304795783314032
1.306989391312101
1.305015046510935
1.304960946280461
1.305402109919104
1.223580279248721
1.221767987233185
1.22676898169305
1.219372900952552
1.219907800296213
1.222020797871784
1.305715799532072
1.306120519240209
1.305543923790072
1.309667347501365
1.30626578738042
1.307983424054198
1.308614697118705
1.304106248052222
1.304533151769399
1.304189134358692
1.304613580824995
1.301967453861014
1.304515239273913
1.547267651154985
1.548786833440698
1.548324875890525
1.548331104960489
1.309215147233368
1.305568710503053
1.30614760534732
1.305052558089311
1.310801853657658
1
1.039572134344991
1.013465864224453
1.01261801597109
1.023638424813163
1.011475520462795
1.017978509893902
1.009508573684625
1.018241224600231
1.013380443134889
1.01298589072327
1.013654465682434
1.010193214797166
1.016517795442598
1.012610913251824
1.009701806314417
1.031473802872679
1.005345284375483
1.246743942224754
1.249984488758794
1.25425373685567
1.249843351706213
1.239616424065005
1.245695173829724
1.245042825562717
1.244674256720399
1.244687502123428
1.242596565591274
1.246287265448384
1.242766637975447
1.240924684795627
1.240916782666993
1.239992125008647
1.010737543155299
1.010395104143557
1.01031488464707
1.009770910807432
1.011664192024676
1.010645953025372
1.010553066446757
1.009570721969772
1.009079870772733
1.010004287996412
1.009591586293111
0.9936210420310814
0.995951846928418
0.9955829286698328
0.9966073767825945
0.9963033653325303
1.538328176098342
1.536014792774677
1.564834749809697
1.552911725249912
1.548016616526901
1.543593670867375
1.551129030767811
1.543366927172379
1.546825996862709
1.560008111095641
1.212211573389281
1.211007925100409
1.210965237825208
1.211094891882356
1.53658933788288
1.5398880588799
1.536809003336365
1.540809673640212
1.535033168609184
1.535738564390002
1.532822883180031
1.534664517991284
1.53315143552864
1.531844864251429
1.535917888111416
1.53472792331661
1.535040456628568
1.534055351702505
1.533820472487849
1.533862767465449
1.539668090909588
1.533798449246438
1.535566612944251
1.546186112119646
1
1.564881330099455
1.563571484363169
1.543635723087357
1.553711384403826
1.552401481146699
1.56501600805582
1.562699903224318
1.559783411546735
1.559768044788214
1.544264440666273
1.566445939516356
1.536869717837002
1.296697454273967
1.298910439012997
1.29668929246444
1.298002373999135
1.301103465212782
1.217419264611591
1.216531781916284
1.218393710855525
1.208092072531099
1.208598177510809
1.211815556520178
1.299344149163423
1.300813617602974
1.295641450952983
1.299881742457345
1.299987427120579
1.300472944900244
1.303090595311609
1.296206568794092
1.296373827024044
1.297239286185182
1.295528329261695
1.293078758319469
1.296364150928098
1.536362128278681
1.536266858121259
1.536249596761656
1.536249182824427
1.300065739750659
1.301979302717826
1.300920440775312
1.297134350278709
1.286109161372954
1
1.569480762814717
1.569956183738314
1.570540314547121
1.571509927675294
1.572899509352268
1.570741560998635
1.570894968073627
1.570515661978362
1.571497303693224
1.571754732503829
1.571825101029241
1.570716135446526
1.571765361915431
1.571853496743607
1.571042423952625
1.601305599243679
1.568410572819435
1.579338890411078
1.582456320068507
1.581356957894674
1.584112461468005
1.587861770829442
1.57086770402186
1.575591633476586
1.579620704160388
1.573221954300518
1.574603306206944
1.584270792918192
1.567253621377429
1.566498580493789
1.565030132070429
1.567071326076827
1.569866444374372
1.571878435584581
1.56981690606615
1.569819806820596
1.569770666934785
1.570078164997964
1.57317258981797
1.570556502013378
1.572997379478799
1.569730622389325
1.571757356764918
1.345187097258643
1.345718652672454
1.343742364873225
1.346994503979967
1.344930615985273
1.570821357839936
1.569713017555647
1.415803867750271
1.414881520751271
1.409125832503517
1.415517335549289
1.41275805091951
1.415477532526572
1.413266037376984
1.431313157148493
1.571050078222784
1.570366467856133
1.570200838108286
1.569691270481059
1.5657591736485
1.568038430871694
1.570096514857546
1.567342371475507
1.567291624894867
1.569186527701884
1.567436921790692
1.565339260638582
1.564547540847485
1.573521209318973
1.569133639798106
1.570346401361896
1.570950455985951
1.571507541303886
1.570601131294423
1.569617416492515
1.571895861897706
1.572277440948204
1.568676453554668
1.56571458733684
1
1.418525544451586
1.417555260758549
1.4162578136049
1.417028352104476
1.41721483843978
1.416737356789275
1.414851455561499
1.414839691746267
1.419750169688312
1.413343333779639
1.416268200603999
1.56774660572357
1.444078979836495
1.446528429783402
1.443417164397488
1.443632461409471
1.44543973577018
1.220895974422572
1.220281762411544
1.220625280528688
1.221087300778977
1.22150724731974
1.219959043270752
1.44336730302754
1.444328690224553
1.441028630368389
1.44266054356702
1.443376917681907
1.447492890810586
1.444459918998681
1.441107014694901
1.443107097036834
1.44232977661169
1.440988256502309
1.441327050880161
1.441172439845236
1.571155163275917
1.571000412875598
1.571022908383497
1.571025275554632
1.447596260275057
1.449036508791033
1.446889192311961
1.444952725097627
1.442672034901624
1
1.604986429652017
1.623747344297596
1.622743154899347
1.677597727125158
1.655492003421214
1.640102342296098
1.623542498766235
1.632802898357331
1.724676222845051
1.635475018719748
1.636025656459931
1.658281727707083
1.639251577097993
1.65546337864294
1.659021901835978
1.671345229078281
1.614990644075107
1.620168191185958
1.656819828011676
1.654437794973104
1.6037157386736
1.610903916246439
1.64073043620321
1.667539651512859
1.601870547196934
1.611001925017993
1.614649254268115
1.664736082626021
1.655262580410197
1.658198976143038
1.654209613392846
1.652885959213996
1.583660793545141
1.58380480342169
1.583755092890275
1.584017954198962
1.626500609022819
1.582813467610488
1.590745055124319
1.595541390603288
1.607454551464408
1.608480971695375
1.5966009703868
1.378668987560375
1.370620869285539
1.38994304024479
1.38091077045126
1.368703780867242
1.611270156743027
1.616937885228027
1.455775705383922
1.467497913868401
1.465643480476475
1.448699020384519
1.466848638508236
1.460157293777033
1.441373466906819
1.434534404268411
1.607745428442616
1.618845307668348
1.598836634786601
1.577431678038301
1.596522741078461
1.590796372580456
1.603497920357499
1.602041132349995
1.632983863482919
1.620841653262866
1.633265980258963
1.632796477649285
1.615941509494561
1.61820851341101
1.608946513664684
1.620283328809017
1.657738952155217
1.614932761370071
1.62363719144503
1.627142574344607
1.62967577160237
1.650134609716269
1.595283581278595
NaN
1
1.447292969387419
1.470561653546181
1.447033213907818
1.478833112902114
1.406533401926019
1.475007924550284
1.472909689159726
1.471148047510082
1.58120947981271
1.475083817582302
1.4386289823852
1.606463841806877
1.531444791781823
1.531038365036819
1.535207356309824
1.529786225383776
1.496013041579927
1.265103506482768
1.259509547304961
1.262232722145785
1.266747718418451
1.268708942091875
1.267510979458245
1.489348031460581
1.543123487280239
1.523772533630212
1.521944910412554
1.526447335661131
1.5178099053026
1.517825642078351
1.51821817831971
1.521093482417729
1.518261938762269
Inf
1.517897778866146
1.489647813192048
1.649434724677654
1.649309619452339
1.647891057458901
1.648701690360024
1.518016858756059
1.517819922481386
1.517761441875805
1.517762519293901
NaN
1
