1.020292441684148
1.015223096155873
1.015654313234908
1.015382594970939
1.015223298304391
1.017119708142726
1.015694552426233
1.016912122419303
1.01537571059494
1.012896181690255
1.013994183086392
1.020591462965053
1.02217763711542
1.015191277674545
1
1.029235148989583
1.011018238029834
1.246541211036561
1.244915303041231
1.241725190848844
1.259157191818481
1.243781567528268
1.248004906152353
1.24643174342274
1.234012025737901
1.249683399191232
1.248166804476934
1.247218546645011
1.25262502527658
1.245013299394025
1.244550906659871
1.24464220843702
1.012399383475163
1.011528138562625
1.011079738772213
1.0114034067196
1.008758658768309
1.011857612110495
1.007742819073433
1.011818736580912
1.011038909473644
1.011448218922534
1.011811861763734
0.997397655169738
0.998407792678758
0.9981878335403621
0.9980558336399102
0.9983871292777339
1.54420559055758
1.543767129877571
1.566239940411891
1.564531841187805
1.567111396339562
1.564007184810336
1.565863057592614
1.566354717228996
1.561105319036765
1.571473508159635
1.215762256946722
1.214764750966301
1.21543358185291
1.214133397437599
1.543886355696843
1.544885905653198
1.542718037255501
1.544119781517939
1.543703737349958
1.54462384805451
1.543391397586032
1.54295581655287
1.541367185486584
1.542644588652768
1.542876243582791
1.542053776414412
1.5428236127568
1.54180212765231
1.542424542102227
1.541812293173731
1.543916117880995
1.542795475684513
1.541125268510124
1.54477648722538
1
1.570065359393859
1.569684323354794
1.570428135547846
1.5702724172817
1.570857621803313
1.574454371353435
1.568611520419268
1.568616218184618
1.569976237178947
1.568267694028085
1.572089294457764
1.544358264176386
1.304795783314032
1.306989391312103
1.305015046510937
1.304960946280464
1.305402109919105
1.223580279248721
1.221767987233188
1.226768981693051
1.219372900952553
1.219907800296213
1.222020797871785
1.305715799532072
1.30612051924021
1.305543923790073
1.309667347501366
1.306265787380422
1.307983424054202
1.308614697118707
1.304106248052222
1.304533151769401
1.304189134358695
1.304613580824996
1.301967453861017
1.304515239273914
1.547267651154989
1.5487868334407
1.548324875890526
1.548331104960492
1.30921514723337
1.305568710503056
1.306147605347321
1.305052558089315
1.310801853657659
1
1.03957213434499
1.013465864224453
1.01261801597109
1.023638424813162
1.011475520462796
1.017978509893901
1.009508573684625
1.018241224600231
1.013380443134889
1.01298589072327
1.013654465682434
1.010193214797166
1.016517795442598
1.012610913251824
1.009701806314417
1.031473802872678
1.005345284375483
1.246743942224754
1.249984488758794
1.254253736855671
1.249843351706211
1.239616424065005
1.245695173829724
1.245042825562716
1.244674256720399
1.244687502123427
1.242596565591275
1.246287265448383
1.242766637975447
1.240924684795626
1.240916782666993
1.239992125008647
1.010737543155299
1.010395104143558
1.01031488464707
1.009770910807432
1.011664192024677
1.010645953025372
1.010553066446757
1.009570721969772
1.009079870772733
1.010004287996412
1.009591586293111
0.9936210420310816
0.9959518469284177
0.9955829286698327
0.9966073767825944
0.9963033653325306
1.538328176098343
1.536014792774676
1.564834749809697
1.552911725249912
1.5480166165269
1.543593670867373
1.551129030767812
1.543366927172379
1.54682599686271
1.560008111095641
1.212211573389281
1.211007925100409
1.210965237825208
1.211094891882355
1.53658933788288
1.5398880588799
1.536809003336365
1.540809673640212
1.535033168609184
1.535738564390002
1.532822883180029
1.534664517991285
1.53315143552864
1.53184486425143
1.535917888111415
1.534727923316612
1.535040456628569
1.534055351702505
1.533820472487849
1.533862767465449
1.539668090909588
1.533798449246438
1.535566612944251
1.546186112119646
1
1.564881330099455
1.563571484363169
1.543635723087357
1.553711384403829
1.552401481146701
1.56501600805582
1.562699903224315
1.55978341154673
1.559768044788214
1.544264440666272
1.566445939516354
1.536869717837
1.296697454273966
1.298910439012995
1.296689292464439
1.298002373999134
1.301103465212781
1.217419264611591
1.216531781916284
1.218393710855525
1.208092072531099
1.208598177510809
1.211815556520179
1.299344149163422
1.300813617602974
1.295641450952981
1.299881742457346
1.299987427120579
1.300472944900241
1.303090595311609
1.296206568794091
1.296373827024043
1.297239286185181
1.295528329261691
1.293078758319465
1.296364150928097
1.536362128278676
1.536266858121259
1.536249596761654
1.536249182824425
1.300065739750658
1.301979302717826
1.300920440775311
1.297134350278711
1.286109161372952
1
1.569480762814716
1.569956183738312
1.570540314547121
1.571509927675294
1.572899509352268
1.57074156099863
1.570894968073623
1.570515661978359
1.571497303693225
1.571754732503829
1.571825101029238
1.570716135446527
1.57176536191543
1.571853496743607
1.571042423952625
1.601305599243674
1.568410572819433
1.579338890411076
1.582456320068501
1.581356957894671
1.584112461468003
1.587861770829442
1.570867704021858
1.575591633476582
1.579620704160385
1.573221954300518
1.574603306206944
1.584270792918189
1.56725362137743
1.566498580493789
1.565030132070427
1.567071326076826
1.569866444374372
1.571878435584579
1.569816906066149
1.569819806820595
1.569770666934784
1.570078164997965
1.573172589817968
1.570556502013376
1.5729973794788
1.569730622389324
1.571757356764918
1.345187097258643
1.345718652672454
1.343742364873227
1.346994503979965
1.344930615985273
1.570821357839935
1.569713017555646
1.41580386775027
1.414881520751271
1.409125832503516
1.415517335549289
1.412758050919511
1.415477532526572
1.413266037376985
1.431313157148493
1.571050078222785
1.570366467856134
1.570200838108286
1.569691270481059
1.565759173648499
1.568038430871693
1.570096514857546
1.567342371475506
1.567291624894864
1.569186527701883
1.567436921790692
1.565339260638581
1.564547540847484
1.573521209318973
1.569133639798106
1.570346401361897
1.570950455985952
1.571507541303884
1.570601131294422
1.569617416492514
1.571895861897706
1.572277440948203
1.568676453554668
1.565714587336841
1
1.418525544451586
1.417555260758549
1.416257813604896
1.417028352104476
1.417214838439779
1.416737356789275
1.414851455561497
1.414839691746265
1.419750169688312
1.413343333779638
1.416268200603999
1.56774660572357
1.444078979836495
1.446528429783401
1.443417164397486
1.44363246140947
1.445439735770179
1.220895974422572
1.220281762411543
1.220625280528688
1.221087300778976
1.221507247319739
1.219959043270752
1.443367303027542
1.444328690224552
1.441028630368387
1.442660543567018
1.443376917681907
1.447492890810584
1.444459918998679
1.4411070146949
1.443107097036833
1.442329776611689
1.440988256502309
1.441327050880158
1.441172439845235
1.571155163275916
1.571000412875599
1.571022908383497
1.571025275554632
1.447596260275057
1.449036508791033
1.446889192311958
1.44495272509763
1.442672034901621
1
1.604986429652015
1.623747344297596
1.622743154899347
1.677597727125158
1.65549200342121
1.640102342296098
1.623542498766233
1.632802898357332
1.724676222845051
1.635475018719748
1.63602565645993
1.658281727707081
1.639251577097994
1.65546337864294
1.659021901835979
1.671345229078282
1.614990644075105
1.620168191185958
1.656819828011679
1.654437794973107
1.603715738673598
1.610903916246439
1.640730436203212
1.667539651512863
1.601870547196935
1.611001925017993
1.614649254268113
1.664736082626021
1.655262580410195
1.658198976143033
1.654209613392847
1.652885959213995
1.583660793545141
1.58380480342169
1.583755092890276
1.584017954198963
1.626500609022819
1.582813467610488
1.590745055124319
1.595541390603287
1.607454551464408
1.608480971695374
1.596600970386799
1.378668987560372
1.37062086928554
1.389943040244791
1.38091077045126
1.368703780867242
1.611270156743027
1.616937885228025
1.455775705383921
1.467497913868401
1.465643480476476
1.448699020384518
1.466848638508236
1.460157293777032
1.441373466906819
1.434534404268411
1.607745428442616
1.618845307668347
1.598836634786601
1.577431678038302
1.596522741078461
1.590796372580457
1.603497920357498
1.602041132349995
1.63298386348292
1.620841653262867
1.633265980258962
1.632796477649285
1.615941509494561
1.618208513411008
1.608946513664682
1.620283328809015
1.657738952155217
1.614932761370071
1.62363719144503
1.627142574344608
1.629675771602371
1.650134609716268
1.595283581278594
NaN
1
1.447292969387417
1.470561653546181
1.447033213907819
1.478833112902114
1.406533401926018
1.475007924550284
1.472909689159725
1.471148047510082
1.581209479812699
1.475083817582302
1.438628982385201
1.606463841806876
1.531444791781824
1.531038365036812
1.535207356309824
1.529786225383769
1.496013041579926
1.26510350648277
1.259509547304961
1.262232722145785
1.266747718418451
1.268708942091874
1.267510979458244
1.48934803146058
1.543123487280245
1.523772533630209
1.521944910412554
1.526447335661127
1.5178099053026
1.517825642078353
1.518218178319701
1.52109348241773
1.51826193876227
Inf
1.517897778866133
1.489647813192048
1.649434724677647
1.649309619452335
1.647891057458893
1.648701690360019
1.518016858756054
1.517819922481383
1.517761441875803
1.517762519293899
NaN
1
