1.0120399918
1.0120399918
1.0120399918
1.0120399918
1.0120399918
1.0120399918
1.0120399918
1.0120399918
1.0120399918
1.0120399918
1.0120399918
1.0120399918
1.0120399918
1.0120399918
1.0120399918
1.0120399918
1.0120399918
1.2466209824
1.2466209824
1.2466209824
1.2466209824
1.2466209824
1.2466209824
1.2466209824
1.2466209824
1.2466209824
1.2466209824
1.2466209824
1.2466209824
1.2466209824
1.2466209824
1.2466209824
1.0120399918
1.0120399918
1.0120399918
1.0120399918
1.0120399918
1.0120399918
1.0120399918
1.0120399918
1.0120399918
1.0120399918
1.0120399918
1
1
1
1
1
1.546803069
1.546803069
1.5718686169
1.5718686169
1.5718686169
1.5718686169
1.5718686169
1.5718686169
1.5718686169
1.5718686169
1.217142324
1.217142324
1.217142324
1.217142324
1.546803069
1.546803069
1.546803069
1.546803069
1.546803069
1.546803069
1.546803069
1.546803069
1.546803069
1.546803069
1.546803069
1.546803069
1.546803069
1.546803069
1.546803069
1.546803069
1.546803069
1.546803069
1.546803069
1.546803069
1.546803069
1.5718686169
1.5718686169
1.5718686169
1.5718686169
1.5718686169
1.5718686169
1.5718686169
1.5718686169
1.5718686169
1.5718686169
1.5718686169
1.546803069
1.3078429596
1.3078429596
1.3078429596
1.3078429596
1.3078429596
1.2223552996
1.2223552996
1.2223552996
1.2223552996
1.2223552996
1.2223552996
1.3078429596
1.3078429596
1.3078429596
1.3078429596
1.3078429596
1.3078429596
1.3078429596
1.3078429596
1.3078429596
1.3078429596
1.3078429596
1.3078429596
1.3078429596
1.546803069
1.546803069
1.546803069
1.546803069
1.3078429596
1.3078429596
1.3078429596
1.3078429596
1.3078429596
1.3078429596
1.0120399918
1.0120399918
1.0120399918
1.0120399918
1.0120399918
1.0120399918
1.0120399918
1.0120399918
1.0120399918
1.0120399918
1.0120399918
1.0120399918
1.0120399918
1.0120399918
1.0120399918
1.0120399918
1.0120399918
1.2466209824
1.2466209824
1.2466209824
1.2466209824
1.2466209824
1.2466209824
1.2466209824
1.2466209824
1.2466209824
1.2466209824
1.2466209824
1.2466209824
1.2466209824
1.2466209824
1.2466209824
1.0120399918
1.0120399918
1.0120399918
1.0120399918
1.0120399918
1.0120399918
1.0120399918
1.0120399918
1.0120399918
1.0120399918
1.0120399918
1
1
1
1
1
1.546803069
1.546803069
1.5718686169
1.5718686169
1.5718686169
1.5718686169
1.5718686169
1.5718686169
1.5718686169
1.5718686169
1.217142324
1.217142324
1.217142324
1.217142324
1.546803069
1.546803069
1.546803069
1.546803069
1.546803069
1.546803069
1.546803069
1.546803069
1.546803069
1.546803069
1.546803069
1.546803069
1.546803069
1.546803069
1.546803069
1.546803069
1.546803069
1.546803069
1.546803069
1.546803069
1.546803069
1.5718686169
1.5718686169
1.5718686169
1.5718686169
1.5718686169
1.5718686169
1.5718686169
1.5718686169
1.5718686169
1.5718686169
1.5718686169
1.546803069
1.3078429596
1.3078429596
1.3078429596
1.3078429596
1.3078429596
1.2223552996
1.2223552996
1.2223552996
1.2223552996
1.2223552996
1.2223552996
1.3078429596
1.3078429596
1.3078429596
1.3078429596
1.3078429596
1.3078429596
1.3078429596
1.3078429596
1.3078429596
1.3078429596
1.3078429596
1.3078429596
1.3078429596
1.546803069
1.546803069
1.546803069
1.546803069
1.3078429596
1.3078429596
1.3078429596
1.3078429596
1.3078429596
1.3078429596
1.5718686169
1.5718686169
1.5718686169
1.5718686169
1.5718686169
1.5718686169
1.5718686169
1.5718686169
1.5718686169
1.5718686169
1.5718686169
1.5718686169
1.5718686169
1.5718686169
1.5718686169
1.5718686169
1.5718686169
1.5718686169
1.5718686169
1.5718686169
1.5718686169
1.5718686169
1.5718686169
1.5718686169
1.5718686169
1.5718686169
1.5718686169
1.5718686169
1.5718686169
1.5718686169
1.5718686169
1.5718686169
1.5718686169
1.5718686169
1.5718686169
1.5718686169
1.5718686169
1.5718686169
1.5718686169
1.5718686169
1.5718686169
1.5718686169
1.5718686169
1.3484318833
1.3484318833
1.3484318833
1.3484318833
1.3484318833
1.5718686169
1.5718686169
1.4193190297
1.4193190297
1.4193190297
1.4193190297
1.4193190297
1.4193190297
1.4193190297
1.4193190297
1.5718686169
1.5718686169
1.5718686169
1.5718686169
1.5718686169
1.5718686169
1.5718686169
1.5718686169
1.5718686169
1.5718686169
1.5718686169
1.5718686169
1.5718686169
1.5718686169
1.5718686169
1.5718686169
1.5718686169
1.5718686169
1.5718686169
1.5718686169
1.5718686169
1.5718686169
1.5718686169
1.5718686169
1.5718686169
1.4193190297
1.4193190297
1.4193190297
1.4193190297
1.4193190297
1.4193190297
1.4193190297
1.4193190297
1.4193190297
1.4193190297
1.4193190297
1.5718686169
1.4485366758
1.4485366758
1.4485366758
1.4485366758
1.4485366758
1.2223552996
1.2223552996
1.2223552996
1.2223552996
1.2223552996
1.2223552996
1.4485366758
1.4485366758
1.4485366758
1.4485366758
1.4485366758
1.4485366758
1.4485366758
1.4485366758
1.4485366758
1.4485366758
1.4485366758
1.4485366758
1.4485366758
1.5718686169
1.5718686169
1.5718686169
1.5718686169
1.4485366758
1.4485366758
1.4485366758
1.4485366758
1.4485366758
1.4485366758
1.5718686169
1.5718686169
1.5718686169
1.5718686169
1.5718686169
1.5718686169
1.5718686169
1.5718686169
1.5718686169
1.5718686169
1.5718686169
1.5718686169
1.5718686169
1.5718686169
1.5718686169
1.5718686169
1.5718686169
1.5718686169
1.5718686169
1.5718686169
1.5718686169
1.5718686169
1.5718686169
1.5718686169
1.5718686169
1.5718686169
1.5718686169
1.5718686169
1.5718686169
1.5718686169
1.5718686169
1.5718686169
1.5718686169
1.5718686169
1.5718686169
1.5718686169
1.5718686169
1.5718686169
1.5718686169
1.5718686169
1.5718686169
1.5718686169
1.5718686169
1.3484318833
1.3484318833
1.3484318833
1.3484318833
1.3484318833
1.5718686169
1.5718686169
1.4193190297
1.4193190297
1.4193190297
1.4193190297
1.4193190297
1.4193190297
1.4193190297
1.4193190297
1.5718686169
1.5718686169
1.5718686169
1.5718686169
1.5718686169
1.5718686169
1.5718686169
1.5718686169
1.5718686169
1.5718686169
1.5718686169
1.5718686169
1.5718686169
1.5718686169
1.5718686169
1.5718686169
1.5718686169
1.5718686169
1.5718686169
1.5718686169
1.5718686169
1.5718686169
1.5718686169
1.5718686169
1.5718686169
1.4193190297
1.4193190297
1.4193190297
1.4193190297
1.4193190297
1.4193190297
1.4193190297
1.4193190297
1.4193190297
1.4193190297
1.4193190297
1.5718686169
1.4485366758
1.4485366758
1.4485366758
1.4485366758
1.4485366758
1.2223552996
1.2223552996
1.2223552996
1.2223552996
1.2223552996
1.2223552996
1.4485366758
1.4485366758
1.4485366758
1.4485366758
1.4485366758
1.4485366758
1.4485366758
1.4485366758
1.4485366758
1.4485366758
1.4485366758
1.4485366758
1.4485366758
1.5718686169
1.5718686169
1.5718686169
1.5718686169
1.4485366758
1.4485366758
1.4485366758
1.4485366758
1.4485366758
1.4485366758
