			EU	EU	EU	EU	EU	EU	EU	HI	HI	HI	HI	HI	HI	HI	BX	BX	BX	BX	BX	BX	BX	WW	WW	WW	WW	WW	WW	WW
			Final consumption expenditure by households	Final consumption expenditure by non-profit organisations serving households (NPISH)	Final consumption expenditure by government	Gross fixed capital formation	Changes in inventories	Changes in valuables	Export	Final consumption expenditure by households	Final consumption expenditure by non-profit organisations serving households (NPISH)	Final consumption expenditure by government	Gross fixed capital formation	Changes in inventories	Changes in valuables	Export	Final consumption expenditure by households	Final consumption expenditure by non-profit organisations serving households (NPISH)	Final consumption expenditure by government	Gross fixed capital formation	Changes in inventories	Changes in valuables	Export	Final consumption expenditure by households	Final consumption expenditure by non-profit organisations serving households (NPISH)	Final consumption expenditure by government	Gross fixed capital formation	Changes in inventories	Changes in valuables	Export
CO2	air	kg	1.0569656012596307E12	0.0	0.0	0.0	0.0	0.0	0.0	1.3592211229815469E12	0.0	0.0	0.0	0.0	0.0	0.0	8.016885048425333E11	0.0	0.0	0.0	0.0	0.0	0.0	6.772247651652764E11	0.0	0.0	0.0	0.0	0.0	0.0
CH4	air	kg	5.402539445498681E8	0.0	0.0	0.0	0.0	0.0	0.0	7.792102135578709E8	0.0	0.0	0.0	0.0	0.0	0.0	7.787693302121477E8	0.0	0.0	0.0	0.0	0.0	0.0	6.553940805602295E8	0.0	0.0	0.0	0.0	0.0	0.0
N2O	air	kg	1.0247135988724737E8	0.0	0.0	0.0	0.0	0.0	0.0	1.1799314990334153E8	0.0	0.0	0.0	0.0	0.0	0.0	9.454832207985525E7	0.0	0.0	0.0	0.0	0.0	0.0	7.63108728915496E7	0.0	0.0	0.0	0.0	0.0	0.0
SOx	air	kg	7.515920592962008E8	0.0	0.0	0.0	0.0	0.0	0.0	4.169978123522183E8	0.0	0.0	0.0	0.0	0.0	0.0	2.8650144001046934E9	0.0	0.0	0.0	0.0	0.0	0.0	1.3911979917891119E9	0.0	0.0	0.0	0.0	0.0	0.0
NOx	air	kg	3.757876867790584E9	0.0	0.0	0.0	0.0	0.0	0.0	5.3994615611469555E9	0.0	0.0	0.0	0.0	0.0	0.0	4.190410331541466E9	0.0	0.0	0.0	0.0	0.0	0.0	3.556860120114634E9	0.0	0.0	0.0	0.0	0.0	0.0
NH3	air	kg	1.1657428846420276E8	0.0	0.0	0.0	0.0	0.0	0.0	1.69960091796845E8	0.0	0.0	0.0	0.0	0.0	0.0	7.037711084121162E7	0.0	0.0	0.0	0.0	0.0	0.0	4.551637508821718E7	0.0	0.0	0.0	0.0	0.0	0.0
CO	air	kg	2.789786561430074E10	0.0	0.0	0.0	0.0	0.0	0.0	3.748020226211987E10	0.0	0.0	0.0	0.0	0.0	0.0	1.3137322589398277E11	0.0	0.0	0.0	0.0	0.0	0.0	9.454909232260818E10	0.0	0.0	0.0	0.0	0.0	0.0
Benzo(a)pyrene	air	kg	402618.55315525894	0.0	0.0	0.0	0.0	0.0	0.0	203851.1841006662	0.0	0.0	0.0	0.0	0.0	0.0	4053586.273049937	0.0	0.0	0.0	0.0	0.0	0.0	2575804.4385120072	0.0	0.0	0.0	0.0	0.0	0.0
Benzo(b)fluoranthene	air	kg	465838.2331142289	0.0	0.0	0.0	0.0	0.0	0.0	227412.60081592138	0.0	0.0	0.0	0.0	0.0	0.0	4449091.581036272	0.0	0.0	0.0	0.0	0.0	0.0	2787811.1866882807	0.0	0.0	0.0	0.0	0.0	0.0
Benzo(k)fluoranthene	air	kg	241966.07381827533	0.0	0.0	0.0	0.0	0.0	0.0	123286.60344945756	0.0	0.0	0.0	0.0	0.0	0.0	2479248.5658113565	0.0	0.0	0.0	0.0	0.0	0.0	1578860.0078830444	0.0	0.0	0.0	0.0	0.0	0.0
Indeno(1,2,3-cd)pyrene	air	kg	251674.3745332036	0.0	0.0	0.0	0.0	0.0	0.0	134610.85739805194	0.0	0.0	0.0	0.0	0.0	0.0	2606486.1861616857	0.0	0.0	0.0	0.0	0.0	0.0	1677438.4391110272	0.0	0.0	0.0	0.0	0.0	0.0
PAH	air	kg	0.0	0.0	0.0	0.0	0.0	0.0	0.0	0.0	0.0	0.0	0.0	0.0	0.0	0.0	0.0	0.0	0.0	0.0	0.0	0.0	0.0	0.0	0.0	0.0	0.0	0.0	0.0	0.0
PCBs	air	kg	143.78592698362	0.0	0.0	0.0	0.0	0.0	0.0	51.15835941049675	0.0	0.0	0.0	0.0	0.0	0.0	1404.4413781346852	0.0	0.0	0.0	0.0	0.0	0.0	871.4781839451443	0.0	0.0	0.0	0.0	0.0	0.0
Dioxins	air	kg I-TEQ	1.1992105813593212	0.0	0.0	0.0	0.0	0.0	0.0	0.5324537682978892	0.0	0.0	0.0	0.0	0.0	0.0	13.440860699947873	0.0	0.0	0.0	0.0	0.0	0.0	8.64671209202754	0.0	0.0	0.0	0.0	0.0	0.0
HCB	air	kg	7.4683330827318555	0.0	0.0	0.0	0.0	0.0	0.0	4.140477235041947	0.0	0.0	0.0	0.0	0.0	0.0	101.23919533345385	0.0	0.0	0.0	0.0	0.0	0.0	71.99320443572962	0.0	0.0	0.0	0.0	0.0	0.0
NMVOC	air	kg	5.55854866595125E9	0.0	0.0	0.0	0.0	0.0	0.0	7.211308752803493E9	0.0	0.0	0.0	0.0	0.0	0.0	2.32574002242447E10	0.0	0.0	0.0	0.0	0.0	0.0	1.7547916327820557E10	0.0	0.0	0.0	0.0	0.0	0.0
PM10	air	kg	1.1766983661006806E9	0.0	0.0	0.0	0.0	0.0	0.0	7.05176125802974E8	0.0	0.0	0.0	0.0	0.0	0.0	1.2536903518019798E10	0.0	0.0	0.0	0.0	0.0	0.0	8.191551390985916E9	0.0	0.0	0.0	0.0	0.0	0.0
PM2.5	air	kg	1.142075225072994E9	0.0	0.0	0.0	0.0	0.0	0.0	6.54110346625443E8	0.0	0.0	0.0	0.0	0.0	0.0	1.250833930925078E10	0.0	0.0	0.0	0.0	0.0	0.0	8.168431814165547E9	0.0	0.0	0.0	0.0	0.0	0.0
TSP	air	kg	1.2797696599431891E9	0.0	0.0	0.0	0.0	0.0	0.0	7.967172231346947E8	0.0	0.0	0.0	0.0	0.0	0.0	1.3228631656902597E10	0.0	0.0	0.0	0.0	0.0	0.0	8.637150293683472E9	0.0	0.0	0.0	0.0	0.0	0.0
As	air	kg	5212.465899626062	0.0	0.0	0.0	0.0	0.0	0.0	4064.002085969647	0.0	0.0	0.0	0.0	0.0	0.0	25723.86722957708	0.0	0.0	0.0	0.0	0.0	0.0	17250.07687971718	0.0	0.0	0.0	0.0	0.0	0.0
Cd	air	kg	8871.613247963409	0.0	0.0	0.0	0.0	0.0	0.0	8452.68616489637	0.0	0.0	0.0	0.0	0.0	0.0	31969.832932739537	0.0	0.0	0.0	0.0	0.0	0.0	23439.598038517666	0.0	0.0	0.0	0.0	0.0	0.0
Cr	air	kg	66461.28447319478	0.0	0.0	0.0	0.0	0.0	0.0	71750.08248380008	0.0	0.0	0.0	0.0	0.0	0.0	124492.44830462159	0.0	0.0	0.0	0.0	0.0	0.0	92142.35381043644	0.0	0.0	0.0	0.0	0.0	0.0
Cu	air	kg	1304088.1257702422	0.0	0.0	0.0	0.0	0.0	0.0	2031728.92141477	0.0	0.0	0.0	0.0	0.0	0.0	697529.8777157593	0.0	0.0	0.0	0.0	0.0	0.0	755467.5991200954	0.0	0.0	0.0	0.0	0.0	0.0
Hg	air	kg	3967.474254506324	0.0	0.0	0.0	0.0	0.0	0.0	2107.26354480004	0.0	0.0	0.0	0.0	0.0	0.0	21791.161773061373	0.0	0.0	0.0	0.0	0.0	0.0	12208.226928329519	0.0	0.0	0.0	0.0	0.0	0.0
Ni	air	kg	620322.8848874479	0.0	0.0	0.0	0.0	0.0	0.0	622120.9997687417	0.0	0.0	0.0	0.0	0.0	0.0	762507.1407846847	0.0	0.0	0.0	0.0	0.0	0.0	591602.7123500872	0.0	0.0	0.0	0.0	0.0	0.0
Pb	air	kg	226426.57143328854	0.0	0.0	0.0	0.0	0.0	0.0	206107.56446430943	0.0	0.0	0.0	0.0	0.0	0.0	1051735.3878671622	0.0	0.0	0.0	0.0	0.0	0.0	659778.9759911812	0.0	0.0	0.0	0.0	0.0	0.0
Se	air	kg	2352.481047541162	0.0	0.0	0.0	0.0	0.0	0.0	2364.2742533658748	0.0	0.0	0.0	0.0	0.0	0.0	11799.608979547866	0.0	0.0	0.0	0.0	0.0	0.0	7795.644534715275	0.0	0.0	0.0	0.0	0.0	0.0
Zn	air	kg	805993.5189701322	0.0	0.0	0.0	0.0	0.0	0.0	951111.7876354628	0.0	0.0	0.0	0.0	0.0	0.0	2916043.952107261	0.0	0.0	0.0	0.0	0.0	0.0	2025154.2975369089	0.0	0.0	0.0	0.0	0.0	0.0
